-24
-5
75
-100
31
-2
65
26
-72
-85
27
-65
-61
-36
80
52
18
-100
-25
46
-97
-34
-1
8
-84
64
-99
33
-36
-42
-10
-11
-53
48
-22
-41
38
-6
79
89
-62
47
-69
70
24
-43
83
69
-43
39
69
-39
57
-88
-67
-91
95
-33
84
67
-4
-68
-38
69
25
-62
87
-10
85
21
-86
-77
-79
-14
7
-44
-65
29
83
58
81
-68
-24
24
-11
-72
31
-65
15
-31
-37
-29
10
-89
-7
-94
-16
-39
-55
-14
-30
-8
83
36
25
45
-60
-29
5
77
74
-34
-17
-75
86
-37
55
38
-20
-4
6
52
75
16
-43
42
13
-91
92
0
71
73
-17
-3
-12
-11
-51
40
98
43
88
-41
29
37
-6
97
88
-16
-75
-70
-50
46
81
49
79
17
16
-34
-22
83
-69
-70
-22
-96
-94
-99
82
86
36
-3
-87
-85
39
37
7
-54
-78
-62
-79
-41
53
-72
84
62
-51
-75
91
34
17
71
72
82
-39
-85
11
57
81
25
31
-7
-86
-98
48
27
-84
-65
-94
-56
-59
32
-6
-22
-55
-81
-71
-98
-54
15
54
80
-91
-52
-32
64
24
-70
54
24
-75
50
-35
-3
6
27
-56
51
-20
-44
46
-86
-81
47
-7
84
-23
-6
37
-58
85
8
11
-35
70
50
-16
66
33
83
-97
85
-20
-19
-82
-9
-33
96
71
17
74
-22
22
89
69
39
61
-39
54
-16
-13
-71
-7
12
39
16
-62
-100
26
55
-58
-23
-83
-4
-47
60
34
37
29
-98
17
-20
23
-80
-33
6
86
22
-5
-70
89
-77
-88
-51
-4
73
-8
67
41
1
-48
-33
-30
-85
-26
-4
-39
-75
35
-91
-95
-77
31
52
67
-94
6
-28
-55
-68
30
15
4
-5
66
-81
-35
67
-100
-21
-33
66
95
-73
49
-51
-90
7
45
71
-55
60
87
-14
-75
65
-8
-40
-18
-10
-33
-81
22
9
71
36
62
74
-52
-45
-70
-6
-75
-45
41
-62
-72
3
-98
17
95
98
27
-26
87
69
28
-83
-30
-99
27
-95
-16
10
-88
-53
-56
-14
-44
-88
-14
-64
-42
-10
40
51
35
31
44
86
37
88
-43
65
-6
-32
-8
-52
21
-99
-92
45
3
-53
28
-75
-91
15
-57
-6
94
41
-53
89
-70
59
39
-64
33
-64
-66
97
-27
-17
-36
39
48
19
-84
43
54
95
65
-46
-96
41
32
-89
62
14
41
-80
-13
-50
92
95
40
-33
35
34
29
-45
14
-16
67
-89
-28
-81
83
89
-23
-10
-1
0
39
98
76
93
85
-12
-74
28
-26
-81
-6
-86
9
-78
-9
-32
98
-20
83
-19
-86
-1
-19
-20
-13
93
-31
12
-72
73
-63
-49
20
87
11
93
-81
47
-18
-54
7
-100
81
-5
89
53
1
-51
28
14
90
97
6
-83
-15
-60
17
-5
5
92
-82
14
0
1
81
-57
-7
21
11
-2
-51
-49
97
36
73
-87
17
85
-10
33
-9
-80
84
13
82
-60
45
2
2
-29
-25
24
-59
-10
-73
93
0
-21
14
46
-40
80
37
-70
-35
39
99
69
-56
-28
22
32
-96
72
1
98
29
86
18
40
-2
90
-81
-60
-78
24
-91
7
9
79
12
-63
-29
44
-27
10
-18
54
-53
-57
-59
75
-42
-71
48
43
19
-31
89
-71
-37
14
61
73
-52
-31
61
-3
-92
40
29
-9
-40
-36
60
-16
-40
-40
-2
90
15
75
38
-25
-1
22
31
89
-9
-22
-95
40
18
-21
15
98
-24
-2
-4
-97
49
85
46
7
13
49
15
93
-31
-36
-17
-41
70
98
13
-12
75
-15
-27
25
38
71
-95
29
35
89
72
80
48
61
-93
62
64
-5
-60
30
-71
-69
62
50
-93
37
20
-73
95
46
70
19
66
-73
-77
91
-76
70
-35
78
79
-84
71
24
76
34
-55
7
-44
20
-6
-26
58
82
-41
43
23
23
18
-100
-50
77
34
88
-82
-47
-86
21
38
-84
37
93
-71
-38
50
-88
-41
-63
73
-27
-8
-87
70
-26
-49
-5
61
83
68
-21
-32
1
-48
-35
28
-98
-18
83
5
23
19
23
68
-60
82
1
-55
-4
-68
-54
-17
-15
49
-56
7
-64
-94
-41
37
23
-9
-69
53
-42
48
-64
41
64
33
48
30
-24
31
-50
53
69
-55
30
-8
50
-50
-35
50
21
96
82
52
-93
57
-9
95
-78
-54
82
-68
-13
70
9
-8
45
60
-20
62
-17
15
-94
53
-1
-9
38
91
-24
66
86
-28
-75
-20
-69
-38
65
-16
33
-94
-58
53
7
-70
49
-83
-35
99
35
-62
46
89
69
3
-33
-95
90
-71
-48
16
-81
0
18
-44
-41
10
-94
-93
38
-53
26
-39
-74
-26
20
30
-92
76
-96
-19
-75
39
-45
-63
-80
96
3
22
-87
-75
-29
36
-69
-83
86
41
-66
-49
71
-62
-89
-42
-40
-13
12
-15
63
-5
82
37
97
-86
-76
71
-10
-20
-56
-19
-64
-38
-94
-16
93
13
75
90
-71
-91
-13
78
-5
56
-96
65
-30
67
-22
67
25
34
-67
-92
39
-24
-73
-43
11
-40
27
5
-3
53
-85
8
-68
26
-35
47
12
21
-45
53
-93
-96
-59
-60
-91
-41
0
22
-99
-24
55
1
-72
98
45
17
-15
18
-22
69
-18
81
-19
42
41
-4
33
43
2
31
-45
-97
-21
-20
-100
34
-66
87
-52
-48
59
-96
3
-80
97
13
-20
-67
81
47
-38
93
-58
-15
-29
-75
22
-1
-1
13
25
56
-80
-30
-79
51
-79
48
98
-90
-17
-2
-30
-74
-91
-22
-23
-39
45
-73
-84
0
62
54
-31
-39
60
93
-91
74
-88
34
-13
35
26
-98
83
-67
98
-55
-8
32
-66
70
-36
64
23
-84
-25
93
48
-39
54
-29
-3
-75
94
-34
-99
59
91
-73
39
-77
98
48
-90
34
0
-93
-6
-56
-38
-1
35
-17
-35
91
-10
5
38
44
18
-85
-74
51
80
-84
-62
0
-92
17
-68
-61
-46
-36
93
-90
72
16
53
88
16
-32
-2
4
98
-46
36
-87
60
-98
76
-5
-79
-54
9
23
97
-53
68
94
-4
99
98
77
-89
-77
-55
-30
-10
-46
-81
73
51
49
-72
-51
16
22
52
25
-21
-76
40
-95
40
36
-82
-93
55
-31
-87
25
47
59
-9
16
-31
21
-8
75
-91
-35
22
5
83
-98
43
-29
-82
-40
-94
-25
-6
-58
14
-29
-41
93
-64
-26
-96
-63
15
-80
-59
-7
-75
92
-43
11
79
95
-70
77
15
-86
2
-66
-78
38
92
46
89
-5
-37
38
-70
5
-55
-81
-43
-24
-16
-83
70
71
50
1
-36
-11
76
51
-87
6
-20
-90
-55
17
26
-1
69
-76
70
-3
-19
-42
-52
-80
57
3
-37
20
46
-62
-46
2
11
-88
-94
44
-37
-99
70
32
62
-60
33
-18
-86
-48
-7
13
78
45
-50
-68
6
86
35
12
22
30
43
61
-74
-45
-95
75
-48
77
-1
-68
10
82
-64
68
-46
-63
35
-59
24
66
-95
4
-90
49
42
-99
87
-78
96
24
-24
-6
-79
33
-43
-92
6
6
-65
58
-71
-63
53
-40
-98
95
9
-18
77
-32
-50
-6
87
56
25
-61
51
-24
13
-96
87
-70
80
74
55
-84
61
2
11
-55
31
-71
-95
66
36
67
51
49
47
47
-9
5
-56
28
-27
82
6
-35
-92
-82
-43
-71
93
-69
70
99
-44
78
4
86
-66
-94
71
32
36
-79
-11
-79
-81
57
-13
-99
29
65
12
-18
86
-49
1
73
9
-4
-6
-7
87
1
-65
73
96
37
11
72
-56
60
13
-15
34
11
91
-48
-7
-15
-54
-49
30
-45
-1
-73
19
-13
-88
-96
-23
31
-24
38
12
-22
44
-65
85
15
-76
-19
-55
14
56
68
-48
-74
48
-26
-40
-52
-21
-76
-50
-58
62
31
-99
-92
-46
9
24
6
-5
13
-16
75
72
-45
66
56
-34
78
-40
64
-95
-84
-1
31
74
-8
38
38
44
-72
-49
-48
-13
-31
15
-88
-67
77
-39
15
56
39
-81
-57
-16
-23
-47
-8
8
3
82
1
63
-15
-63
46
-68
-30
-67
61
70
86
61
-34
-39
-69
-13
3
40
54
23
-11
16
44
-93
-34
96
-45
-54
-4
-62
-55
-70
-60
-54
50
-12
-98
-68
69
79
62
43
-1
44
70
77
52
82
-47
90
50
52
53
80
-7
84
-81
-23
71
49
77
-76
37
22
25
56
20
-80
11
43
-16
-29
70
74
60
45
-83
99
-63
-12
-56
-28
93
5
-12
-8
-24
-40
53
65
-31
24
-40
-81
-98
38
-94
76
-81
-87
-44
32
-29
9
6
-22
81
79
-81
47
67
-81
-60
-17
4
4
-69
-69
-66
-68
-20
-40
-34
45
-27
59
-90
50
71
-78
39
-60
80
-76
-69
12
-99
-17
99
-91
10
-4
-60
-95
97
-50
-16
77
15
-3
7
75
42
87
32
96
-35
25
-65
46
-33
-69
-92
97
-92
26
-62
-85
-49
92
2
47
-69
-76
21
84
-81
-39
47
-77
-25
-67
-65
-27
15
63
-2
92
-9
-65
-53
-24
-53
-47
41
-21
-12
-57
97
-29
-89
-32
26
22
95
59
43
17
-34
48
76
-97
77
-88
-29
-66
95
34
-18
-56
-72
-54
24
-84
44
-74
-1
78
-18
-59
-5
76
-37
-24
-89
-94
7
13
-22
55
-80
80
26
42
-42
-57
-2
-66
81
7
-16
53
61
52
-57
65
43
9
77
68
-41
64
-65
-76
-48
99
39
1
-100
-36
27
-18
-45
26
-77
-53
19
82
57
1
28
-36
97
75
56
41
-85
11
-67
-54
-38
97
35
10
-4
-44
45
2
-11
-42
3
97
-66
17
80
-98
-2
-66
28
95
-55
61
52
-24
-60
94
67
-40
-33
10
84
-72
-33
54
-99
29
46
45
-70
67
2
-83
-8
-2
98
30
-70
-21
94
54
-57
80
82
-62
-100
1
-55
-41
-31
1
-11
-15
-66
78
-26
-26
29
-21
15
-50
-45
53
-96
61
-8
-72
-31
-47
-22
9
63
-13
-35
13
-33
-97
-55
-71
53
0
-17
-13
-25
28
-23
-83
83
13
-76
23
-99
50
63
43
-2
-10
75
-80
45
72
-68
92
81
60
37
-99
-80
20
11
-30
-72
-1
26
-85
67
68
-23
-24
-16
-25
-55
55
-71
54
8
-88
23
21
-85
77
-73
-75
-17
81
-32
-9
6
15
90
-25
97
-38
-98
53
-6
1
-76
48
76
30
-88
-1
36
-30
27
-23
62
-74
-49
24
-22
-2
5
34
-57
-97
-85
45
46
-25
-39
62
-15
-92
-23
82
52
-24
-40
-94
88
75
44
-16
64
28
-12
-87
-47
91
29
-20
-37
-34
97
-2
56
-32
10
-10
-15
-21
-99
1
-32
-50
-86
27
92
44
24
-14
65
-55
36
2
54
-79
69
14
15
-98
-9
55
46
81
-1
-81
-89
79
-75
-17
66
69
20
8
73
-58
-85
14
14
60
-79
9
-34
-57
14
-83
29
-6
44
35
-2
95
75
-17
88
-54
55
-13
50
95
16
-88
18
-60
19
96
24
-72
28
11
-95
-45
-100
54
81
81
-12
3
-34
-19
-11
16
-65
-10
85
71
93
-63
19
27
-13
27
63
19
-56
-92
90
-74
23
18
-7
0
65
-68
30
-57
94
-79
2
-94
57
-48
-80
-31
5
99
77
-72
-45
48
-98
-13
8
-99
-76
-23
-9
-19
9
73
91
-38
79
48
88
88
50
-98
60
42
76
72
35
12
69
-66
6
-6
-87
-56
-70
62
71
74
15
-95
92
64
-92
-48
51
12
11
28
-85
-5
-28
-28
-19
16
-51
74
-33
12
72
-71
52
95
-69
89
70
97
-33
-36
42
-72
-9
-95
-68
82
96
86
94
8
91
-37
-40
-94
-3
-27
62
-66
-87
-3
95
-45
-6
-42
-98
-15
-47
96
32
-81
-19
53
-55
-54
86
86
-96
-33
-61
-2
19
-38
80
59
21
8
69
46
-2
58
-73
35
84
69
-31
-13
33
-67
-98
46
29
-100
-47
75
-74
-63
-82
-87
-80
10
-31
-6
95
14
78
33
-25
34
36
-7
16
7
-3
74
92
46
68
-25
77
-2
-48
71
-36
-8
69
19
-92
-95
33
-16
-10
55
26
88
-12
32
40
-30
91
36
-89
99
-4
9
-70
-78
2
-21
83
-20
-31
42
-65
21
-43
-3
-71
3
45
-42
24
-30
-99
-48
-97
60
80
9
-15
-41
-95
-2
-17
-59
-13
-47
-26
55
-39
47
-83
29
-78
-47
-86
47
19
-95
31
91
2
-64
25
32
-88
41
97
-56
5
-31
-59
92
93
23
-26
70
-42
94
-67
-97
-78
-27
-59
97
-59
94
-52
48
-63
-45
-59
75
78
-6
56
68
73
51
-71
46
-44
-70
-50
92
5
-76
36
-2
79
-57
-11
25
71
27
68
-71
95
27
-10
-83
-8
-51
-93
-50
-72
-35
-87
-1
66
5
97
7
65
-13
46
92
-77
-52
-9
-83
-42
49
68
93
66
15
-97
-50
25
27
73
-55
-40
-89
-47
-94
-78
99
64
-60
-90
-64
32
-27
-54
81
60
-17
80
76
-95
46
-65
-27
59
43
-20
-86
-16
12
-39
63
73
-62
31
52
-53
53
-66
39
70
-76
-16
-49
-94
-79
-83
-5
47
84
55
20
-30
49
22
-74
-90
86
-48
10
26
-93
15
-49
78
-53
-37
-7
41
-6
34
-94
-51
-60
-94
81
-38
83
-33
37
25
85
-33
-1
56
41
-8
-76
16
5
41
-40
0
24
-87
62
8
-68
-27
58
58
24
53
-47
-50
48
-30
-71
43
41
63
-74
19
14
84
41
40
-85
-5
-64
54
-62
77
-64
52
-27
5
25
-73
-57
-28
-70
9
8
79
-99
-69
-86
-52
-93
-29
-37
-19
74
41
14
41
85
39
-28
-78
-8
37
-63
-97
20
46
17
0
76
-57
45
-99
-1
-31
33
16
-90
35
82
9
25
66
-13
64
-9
56
-98
-6
-63
32
20
85
54
-79
79
-8
-28
4
-41
-46
14
13
-28
64
26
-39
82
5
-93
98
30
-50
57
63
-4
26
-51
-28
12
63
44
-78
-37
-57
22
59
-54
-22
-10
-60
-56
5
-24
27
94
-89
-6
22
-62
-71
74
-3
-14
-61
-98
-31
-72
91
24
-47
-57
-100
92
-5
10
-8
-50
-72
-59
66
-86
3
-85
66
53
-75
73
-71
68
-16
-69
26
-67
-17
88
-54
35
-76
-59
-48
31
-46
53
-63
97
-56
13
80
-83
2
61
-35
-19
-28
-86
-30
-18
19
-15
77
-4
98
-77
-60
-79
16
66
8
6
-36
56
-74
87
88
-66
59
50
77
69
9
11
92
-89
-35
23
65
-55
61
-32
18
64
-85
38
-36
56
32
-69
13
-85
-19
-23
-96
-27
53
46
35
-23
-8
-63
-46
20
4
50
75
-35
3
86
57
17
-45
-30
-95
-61
88
-1
40
-13
23
-68
1
28
-63
62
-12
-68
6
18
-42
19
87
-12
53
23
-86
97
-41
-35
62
98
-48
45
-27
96
59
-90
-28
65
-15
-47
-94
-53
54
-41
36
26
-18
42
-38
43
58
84
28
-62
29
67
17
-18
-75
90
-61
-26
24
24
79
55
-46
-60
-98
-23
59
41
-67
-95
12
40
33
-7
86
-12
14
17
-98
-81
-61
-32
-83
-65
-33
92
-7
90
39
-6
-87
31
23
-71
-20
80
-29
-58
39
84
83
-83
51
23
25
89
-66
-77
-5
37
-24
21
-28
5
-15
11
38
-81
73
-91
84
69
-99
39
91
81
-83
3
-87
-94
-84
-28
78
-83
-65
-78
16
-6
9
-23
58
-31
-5
-98
-82
-9
-41
-83
44
68
-58
-49
-32
29
-100
-86
-85
-89
31
44
72
30
-91
-12
20
-97
43
-46
-31
-37
94
-57
10
-4
-49
14
-26
99
21
-1
22
99
59
-56
64
65
-96
-52
-83
-79
-94
5
63
65
5
-73
-41
-94
-18
-86
48
-96
47
-20
74
98
41
71
-23
-15
39
-84
-10
-68
-79
72
70
65
24
55
98
-5
-63
-52
-44
-11
-20
44
90
-77
-46
-32
16
6
51
17
-49
-22
-31
65
-77
-68
70
31
-18
90
-85
31
43
33
-43
-6
-19
27
-84
-48
67
-1
-76
-15
18
96
81
-46
-70
-30
-1
83
-20
4
20
-9
-5
59
31
65
24
5
66
-34
-26
49
-100
-43
66
60
87
89
-10
-2
49
52
-46
84
-53
-73
-49
16
0
-89
-10
-69
-50
-61
-88
65
98
21
96
-50
27
-39
33
57
-89
68
95
24
-13
-30
-17
9
-7
82
54
68
-64
10
12
3
14
-92
-95
54
76
-58
-1
61
-56
-100
61
-35
93
-61
70
-13
-81
-3
73
-22
-69
26
-72
-70
27
80
38
-32
-16
-56
28
-12
-91
-8
36
19
-44
78
81
68
-31
-66
-21
-14
8
-82
16
-47
-89
-34
48
39
37
-67
-28
87
80
74
-74
95
4
-70
-24
-100
-28
-27
-45
1
3
-49
-69
-60
16
-96
-91
97
-53
41
21
9
-36
-16
-43
-82
-5
89
50
75
-80
48
38
-18
51
85
-36
-62
57
-21
-86
-65
62
-85
50
59
-65
7
-78
33
-76
-26
40
-62
-48
17
31
-81
73
-42
4
-18
23
-20
-19
54
12
48
-11
30
39
70
-61
68
26
-14
46
-52
34
-3
83
87
66
-84
50
45
-92
0
-71
-66
-46
-56
-36
-1
74
31
11
-18
34
95
-53
-14
-82
-8
93
-46
-65
72
11
65
70
-18
-15
-24
-25
17
16
6
29
35
46
-88
19
-46
-24
-6
5
40
93
94
75
-36
14
38
-50
-4
69
-26
-78
-4
10
-64
88
-37
-36
72
59
88
-77
-44
-85
-96
53
98
-51
-66
67
63
-85
-1
48
-6
78
17
90
5
67
46
-74
78
47
-58
-16
-68
-75
10
-77
-45
90
4
35
17
16
36
79
70
11
16
-11
-85
29
-95
-42
23
48
-85
-43
-29
-27
58
-96
-88
62
-55
9
73
20
21
72
39
-90
11
73
11
63
-69
77
-59
37
-80
94
-49
-43
-89
-52
42
83
60
-16
-91
-48
52
82
-68
0
22
54
-29
-73
-94
-50
89
43
50
-96
-82
-68
47
59
16
-62
-84
33
-47
63
52
55
51
96
66
89
59
-64
63
-13
-42
28
40
-89
-60
-24
6
-87
31
69
-96
8
7
-94
-70
9
-64
-99
67
71
-65
-81
29
-31
47
66
-97
-25
-39
-84
-10
53
80
-38
46
-11
-9
36
18
-61
31
-97
-98
-17
58
-56
-52
44
65
-44
53
58
-31
91
-49
-61
99
-29
-36
-27
-27
-69
51
14
-22
-49
27
-56
-40
41
-83
-1
-18
27
-61
-68
-83
-54
10
2
18
-41
9
-96
-37
32
-17
88
-89
7
-10
-80
-28
-55
66
0
-49
-13
-96
6
16
-96
-17
-76
-62
-47
-24
41
51
-81
-79
52
60
61
55
-86
21
47
-49
46
68
38
-67
53
-50
97
-73
-64
60
39
81
29
-59
-96
85
13
75
-16
65
-91
-44
42
-63
91
-15
37
-41
10
-11
52
78
3
-65
-43
38
77
71
30
73
-59
-75
-61
80
-89
-62
-8
10
56
75
-59
-61
-63
81
-59
-10
-74
1
-59
-32
13
37
17
47
-92
61
-23
-7
84
-35
-93
42
-56
11
24
84
-84
61
-75
53
92
-74
2
34
-53
13
41
22
94
67
12
-24
30
-39
-40
3
8
-9
72
-50
61
98
26
-10
68
-1
94
25
-43
-43
-27
-36
-25
-12
-25
-14
-65
82
-1
-6
-81
54
-1
-84
53
31
-88
83
-49
-79
-25
24
88
74
92
94
-1
-89
66
48
19
-85
-35
36
-7
-53
-99
-58
85
73
-32
26
92
-22
-69
-94
-1
10
37
-63
-14
-89
-26
-64
81
48
-24
0
-5
-19
87
-77
-85
51
75
-96
-11
62
22
6
30
70
97
-23
52
49
32
10
43
85
-6
89
-26
29
-39
8
40
-72
54
45
71
0
46
4
86
-56
10
-60
2
-73
16
36
87
-69
6
16
-87
96
-17
-68
-85
65
56
10
86
97
48
-14
-11
-34
-37
-40
-93
77
34
-71
-76
-7
-9
7
-62
-8
-93
16
-31
57
-99
-57
-78
45
-6
44
45
22
29
-95
43
-65
17
88
-4
-76
51
-64
63
-45
29
-90
-4
-23
-8
20
5
75
93
23
57
-60
-60
-71
95
5
-37
44
72
19
15
-15
-52
29
-14
88
75
3
-89
-86
41
71
52
-87
-72
91
47
45
-47
73
-61
70
28
-95
-53
3
95
-12
92
90
60
-94
-37
-56
40
-56
62
67
90
3
45
-99
64
78
82
86
-13
-73
-100
-96
58
18
-10
99
-21
45
56
-58
-19
82
93
-13
10
-80
-46
34
8
7
-27
83
-71
79
54
49
-72
-63
-94
49
-78
-39
-85
67
-13
88
-68
-58
15
-36
64
95
-13
19
-15
-93
10
-43
-10
43
24
-52
-23
79
53
-84
75
78
63
41
70
-58
38
-93
-81
-81
67
-75
-100
22
87
-88
-82
-57
42
-23
-4
9
-6
46
-61
70
46
-38
-75
74
83
-64
-87
-30
-87
-46
-22
74
-7
22
-44
-20
-1
-34
-60
-16
-43
68
55
12
-70
-66
-64
-24
20
-35
-16
-84
1
99
-4
-24
81
-55
-65
31
-89
29
9
33
33
-57
50
-80
-79
-85
-90
-73
5
54
13
78
7
13
43
49
99
37
50
47
70
-39
-27
-7
-74
80
-2
-46
-70
9
-28
27
-42
-78
78
86
-17
-85
-46
5
-45
-44
11
46
-15
17
69
-32
1
-15
31
-26
79
61
63
-28
70
-44
94
-59
16
55
96
96
-18
86
20
-16
34
57
-35
83
-18
-55
-8
13
50
26
-93
8
-89
-70
52
45
78
98
48
-4
-42
6
-84
-73
-79
-87
88
-1
-40
14
-36
-1
97
-16
33
44
-80
48
91
34
-31
-50
21
-57
-52
-15
-71
-14
-97
-49
-82
-17
-62
-77
-74
-72
40
-62
61
-32
-44
93
-48
-65
-38
8
11
26
-4
-92
24
-70
-93
-86
-73
-92
84
72
78
36
83
2
-5
-92
-4
80
-39
73
-43
5
-97
81
86
22
-23
-25
97
-15
81
40
74
3
89
95
26
88
-24
-77
96
-83
-57
68
-41
-75
-16
54
-3
-57
39
-19
-54
37
-32
91
-96
43
-57
-16
36
51
-89
-1
90
-62
61
-20
12
0
-18
8
4
-63
77
-60
-39
-65
22
60
-63
23
78
53
46
0
-6
-64
-66
98
90
83
44
92
-13
-56
-94
44
77
-79
-37
-96
-59
96
61
-70
77
-92
60
-72
29
69
-79
-17
-54
-87
72
-43
52
-11
44
25
-54
14
9
-1
64
12
50
32
-67
16
-43
0
-4
-67
-19
81
91
15
23
-15
-24
-95
-32
-79
62
-40
45
-27
-28
49
92
-12
-23
38
57
27
-13
-38
-34
-36
-42
-73
95
-87
12
20
87
-87
32
91
-35
-64
66
-42
-51
-59
-55
-12
37
3
66
-23
-40
-16
24
69
-78
57
-24
53
-6
29
-51
-42
-74
-52
-91
-45
9
-59
-27
32
41
-20
-17
55
21
-82
-11
15
-18
99
25
62
-2
81
67
11
-12
42
-2
-71
36
78
-4
36
87
7
-68
-100
-68
89
78
-5
-70
-66
36
79
-100
68
-53
-97
-32
60
-29
-5
-96
-13
60
-55
-19
-3
66
66
43
-57
95
62
84
46
68
-86
86
-12
-17
-8
-80
-71
31
-37
-55
87
10
19
-5
-6
61
76
6
-99
32
0
46
86
19
34
-78
-88
52
87
-61
73
95
-47
-100
-68
-83
79
-23
79
-25
74
55
-3
-100
-7
86
-54
-30
-51
-18
-81
-45
83
-86
-32
-33
-100
69
49
-31
-92
-23
44
-76
-29
92
-44
19
-38
-24
81
-1
27
26
58
44
-51
86
-75
47
75
41
3
4
-81
17
-88
-61
32
65
-83
-91
27
9
-34
-3
-89
-27
28
0
30
27
-92
72
0
20
28
-44
-44
24
-83
-86
44
-98
-7
-34
74
-61
-96
54
80
-83
87
-3
-41
72
71
-83
-41
-40
32
76
-43
24
-83
-52
32
30
-96
-1
88
55
83
-92
47
-98
-35
25
-85
99
23
72
-32
74
19
12
40
11
12
28
48
10
97
95
91
-59
56
-81
85
-55
34
-57
-65
4
65
-75
-66
79
49
-44
6
-55
-98
-41
37
60
7
-17
-96
4
8
-79
-83
-25
50
-22
57
87
-84
6
-55
-54
40
69
-35
-21
37
63
-92
-6
-22
60
61
-45
-79
2
8
38
-43
-70
33
-27
-86
-20
37
12
-75
59
54
-13
-32
-54
62
-57
-89
-40
5
-68
93
-42
-77
44
-26
10
-75
47
-40
61
-46
-53
70
-82
29
86
72
72
-69
-41
-68
53
-47
77
-91
21
-74
-68
98
17
-56
60
97
-25
45
99
-93
89
99
3
-46
89
-49
-37
4
6
17
-51
16
76
-30
-61
-72
-55
99
-61
-96
-55
34
52
-16
93
49
42
17
-7
-50
-6
-27
30
79
83
72
28
-96
-57
1
89
-28
3
-96
76
15
-79
-54
-95
32
51
-24
5
95
61
-45
-54
-81
-39
-60
9
46
-89
-45
-78
75
86
97
-13
-34
0
-60
56
38
-86
72
-70
48
7
-23
27
-5
11
61
-1
-82
68
35
-83
28
25
9
43
-98
92
-57
-39
-52
82
-99
29
-76
59
39
-69
10
19
66
81
88
-76
-2
11
83
12
-87
-65
-50
56
-96
-94
-50
79
59
40
91
-3
53
46
71
11
82
66
6
48
2
36
71
29
88
-2
-99
54
-71
3
-73
97
59
-11
78
-93
-89
-9
77
94
-22
-56
99
98
-60
-88
65
-80
-91
-24
-59
32
-95
-65
-90
-23
-37
20
67
5
-96
-4
50
-45
12
93
37
-36
67
63
-1
-10
88
11
-31
-43
36
72
-11
75
33
81
44
52
-38
-5
92
24
-21
1
43
-9
24
-28
89
81
-6
44
-14
-54
-25
1
-47
-54
77
51
43
-7
66
52
40
-10
-70
91
71
-77
52
97
93
-83
-99
-87
84
-34
-81
-92
66
15
22
-13
63
91
-14
-58
0
-68
28
-3
75
10
51
-1
57
27
60
-48
-40
32
0
66
-71
-4
51
-32
-55
-39
16
86
-74
68
84
-72
71
-22
89
48
-97
88
-9
39
-5
-46
-78
-18
-34
1
-45
-43
5
66
48
-66
-86
55
-42
-34
-60
-82
97
-61
15
41
-29
-94
26
23
28
-22
37
-89
-51
-28
-60
60
-30
74
-26
-32
-98
43
-95
-41
-19
-41
-80
49
-87
-85
-80
23
8
85
90
-48
-76
54
83
-85
55
42
73
76
19
-6
17
-25
93
-47
-15
-17
92
71
-84
-47
-67
-44
-40
-89
86
76
10
12
-42
-86
3
-37
-19
88
36
16
90
-42
12
-41
70
-72
39
87
41
44
55
59
30
37
31
36
69
37
-82
68
-6
71
-72
79
-68
-40
18
5
90
-46
94
-95
17
69
-8
33
-42
56
-17
-96
16
-27
-31
-58
-80
50
82
21
-17
67
-7
44
70
68
-78
-82
-71
33
-74
9
9
-66
96
-13
50
50
-59
60
-56
97
-23
-88
-46
-87
-49
-80
2
86
58
-19
-22
97
-79
-77
60
-50
-66
49
46
-26
3
25
30
73
-5
-18
-24
81
-8
-30
9
-79
-24
-15
-10
-19
-11
56
16
-99
16
-57
75
44
-69
11
-88
73
27
0
16
-8
-87
70
-6
52
-18
-20
18
69
44
20
-7
-12
72
-44
20
35
32
-21
60
-22
-68
45
57
-40
49
85
42
83
-31
3
-46
92
54
-84
-93
6
91
37
98
-92
-62
47
-44
96
49
-13
71
74
90
-23
-60
-53
39
-62
-41
-32
-88
-66
-98
-3
38
35
-1
-59
-35
1
33
56
-52
-86
43
95
-19
51
-61
-15
-12
61
10
-39
-87
67
92
92
-38
-94
-48
16
56
39
-6
57
35
0
-30
2
-53
-85
30
-52
53
-85
26
76
33
-55
66
87
98
74
79
-49
23
41
-16
70
43
7
78
-42
-52
-83
99
9
19
85
-41
80
-19
36
-63
-28
-70
-38
7
97
-59
-85
-42
-83
-61
-36
17
82
59
-58
-66
94
-84
0
59
40
-63
-29
99
35
-84
-83
-44
48
85
86
6
-39
37
6
-80
-39
-67
-14
28
27
-51
61
-81
83
0
-84
49
-23
51
-35
64
81
76
-4
-65
58
-38
72
80
-76
58
10
-69
-47
58
-44
-55
-47
-79
72
61
29
71
-69
-9
-25
-48
-85
-65
99
-33
79
96
20
-78
25
-16
-60
-30
-39
99
-39
6
3
69
38
30
65
-75
-57
71
-5
-45
79
4
-66
-91
45
-95
60
6
-54
36
81
56
78
13
11
-70
-68
71
-96
82
59
72
0
-77
-33
-38
52
45
-14
90
92
-72
71
24
-84
-85
87
15
39
-66
10
55
52
24
25
46
91
-76
-81
34
92
-29
66
13
-5
-94
-96
-89
42
-18
-48
-85
-81
-45
44
53
84
-47
-3
-5
-58
17
-68
70
-29
-96
-81
75
-2
20
-29
27
25
51
98
20
-39
-42
-71
-91
-89
76
73
-44
82
-5
35
-3
80
71
62
37
27
23
-8
-26
-61
96
-58
-10
86
-71
12
-79
-89
24
-11
-32
-43
-76
-9
26
-76
-13
-16
-34
43
75
87
76
-32
22
94
26
58
34
-100
-98
-41
23
-20
-36
-84
38
-78
82
-37
52
-55
-43
-94
-33
-61
56
-20
-65
12
-60
-61
-75
31
-36
-92
-35
-78
-36
-66
86
-38
-24
24
-14
-92
33
43
-73
10
-14
-36
2
-98
91
29
30
70
-99
-18
-62
-54
23
-79
59
63
-67
91
-84
-45
50
16
58
47
-23
-11
69
32
19
-42
5
-88
-48
25
-75
76
37
-77
40
34
-22
-5
-80
81
95
40
39
-46
64
23
75
41
27
71
59
70
5
54
24
1
60
98
-49
42
76
-75
93
98
96
83
-75
-91
-49
-19
77
-45
-5
77
52
37
50
14
67
95
-17
64
-15
-20
65
-45
-30
83
-1
-62
74
-20
-56
-23
-96
69
46
41
-42
80
-3
65
-10
-55
94
4
-26
28
-98
87
51
-54
-70
-45
-41
-88
40
12
-68
40
13
-58
10
-87
7
-3
-90
-82
72
82
90
-92
-45
87
-3
18
-27
-61
-14
-40
80
41
80
11
-13
28
-51
88
-82
92
-71
-66
8
18
-33
-46
-46
-24
38
-4
-7
-44
56
-80
97
42
90
-58
57
41
38
1
-75
72
59
71
-38
99
26
79
-53
-78
-100
80
52
55
0
37
20
-57
-37
96
0
89
67
24
85
60
13
44
37
-93
-69
-24
-47
27
-92
36
58
-5
92
-45
50
59
-51
-29
-45
76
-33
-58
-58
-48
22
14
-23
41
-100
-65
-95
-66
86
1
-15
82
-59
-60
90
23
27
-75
46
63
79
-75
-50
-92
-54
41
40
-5
-31
-91
-7
-29
1
-16
-16
16
99
11
26
72
31
23
8
-9
69
68
17
-92
-20
32
-51
-58
-5
-22
-27
-3
-36
-31
-5
-41
-5
9
65
77
-93
-86
-20
56
55
-26
24
-85
-2
73
-68
-44
16
58
-62
-23
-77
31
-86
36
59
-49
76
-78
-89
87
-48
29
-85
-33
-23
-79
57
31
-17
55
-12
61
-48
-94
-93
-67
43
21
-54
-83
80
5
-69
-82
-65
63
-5
-72
-83
56
-63
-42
45
68
-79
94
-100
-70
-4
-89
-2
85
-25
-18
89
-38
-21
-92
29
26
7
-46
76
94
-94
47
-2
97
-68
14
26
28
13
27
17
-71
-84
-16
84
-87
-67
13
-76
-66
18
95
-70
48
-72
73
-16
-14
-1
-10
-52
82
-18
50
62
-26
-5
-97
98
82
-15
69
-29
47
64
59
-54
94
-77
15
-7
93
-71
41
-25
-90
16
50
68
-41
-70
-61
-72
-78
-22
34
47
-35
21
9
18
-70
15
-58
49
49
23
-18
83
-31
26
-11
-37
84
97
-46
52
40
-25
51
57
44
-66
39
52
-54
40
-52
-32
-70
-88
81
-28
13
97
-37
-22
87
92
26
-13
-66
67
-2
32
40
75
-56
-75
-76
81
-93
89
70
52
73
95
75
-10
2
-92
-26
-86
53
-43
45
-84
49
87
34
75
65
47
49
-36
23
77
35
-94
-89
-30
-4
-77
-56
-52
-96
91
2
61
-77
-33
3
-4
-11
17
-88
-80
-87
-59
87
23
-74
-43
-9
-52
-85
-41
-61
6
-72
95
-41
68
-21
-68
12
-49
69
5
-48
53
14
88
63
-34
-28
-31
-43
-69
-48
3
64
-6
-81
-13
-56
-62
32
96
-68
44
51
96
32
-72
-92
34
-84
-43
-95
60
-50
8
89
-67
-91
-63
-6
-76
75
46
-99
-93
-46
25
-69
65
49
91
87
-27
19
73
-27
7
-99
18
-45
34
-43
38
-48
-100
-74
-9
-48
-45
4
85
-22
-94
44
7
-80
-15
43
44
41
-93
97
-58
84
-75
-30
31
-59
-23
-65
-19
-68
-10
82
59
67
-63
-7
-99
81
62
-28
75
-40
63
13
80
29
-88
52
87
64
-43
76
-53
37
-86
53
-73
30
-6
-50
74
-80
-77
53
87
-77
84
40
83
92
41
62
79
34
-79
82
-79
12
-11
-98
-72
24
-52
16
74
14
35
-78
52
-17
-35
-29
-14
12
-3
55
-63
-91
25
56
45
-28
69
94
-77
-6
97
12
15
-68
31
15
-60
-8
-79
-51
71
6
79
-27
-12
61
87
-1
26
-31
-24
-34
-64
-35
45
-88
86
32
-44
56
55
-47
-7
-21
16
-78
6
19
52
50
-70
94
-9
-52
83
30
-70
-48
-32
83
-16
-30
-32
53
-82
30
-25
-51
-14
19
28
8
-65
-36
-6
18
-88
-1
56
-34
-45
-33
47
75
-61
-18
75
88
-18
-85
82
34
-36
-27
-28
-15
85
40
-40
86
46
-44
-67
-68
-78
21
58
-74
53
-35
17
30
-4
-98
28
-84
22
-8
14
36
55
-14
67
-29
37
94
-56
62
91
-92
32
-28
-62
70
19
98
-66
14
53
17
23
48
-65
-83
-3
-49
-63
-39
45
-44
62
-7
-75
24
-70
-40
-12
61
-6
-72
-23
96
-66
44
32
-56
-9
26
-17
29
81
-92
39
97
-87
-94
-49
50
74
-15
56
82
-84
35
-54
-61
-53
14
39
-42
9
-27
-81
24
-60
27
13
-10
-16
-48
60
11
78
-85
-26
54
54
-72
11
-77
-92
38
86
-91
-28
-6
79
-1
-2
-7
97
77
86
-76
-81
7
88
-86
56
-15
-7
61
-34
21
25
-56
-96
-100
-39
-9
-15
-82
-97
15
-50
71
-14
-90
-48
46
47
-86
91
91
-45
82
24
54
96
66
66
39
-29
-75
30
-53
-28
-35
-17
-73
-10
78
-62
-93
-93
78
73
-30
73
-52
-79
77
61
-90
38
-22
70
-26
-35
42
19
-51
-96
-6
25
45
47
78
85
-97
-1
-79
27
-75
-44
68
76
83
83
-24
-91
-47
81
47
45
88
78
-40
-13
-48
-24
97
99
40
7
-60
73
43
-18
-38
-69
95
-15
69
49
-100
-50
36
54
69
1
86
-9
88
33
-35
-33
-43
48
36
67
-14
-9
32
26
1
-79
87
17
-85
94
-68
1
21
-55
-87
68
-89
98
45
38
-59
5
17
50
-10
5
-90
-94
-58
73
16
95
45
-6
44
4
52
-57
-53
78
-38
-81
39
74
-32
-16
70
43
19
-3
-44
-41
-97
98
25
80
73
82
-64
96
-90
81
-25
-59
-22
-63
56
-74
1
9
-85
68
50
66
-25
-78
66
43
-19
-95
35
-33
-14
44
16
-43
92
46
69
63
30
70
-94
-49
68
-19
44
-3
-4
-69
28
44
-59
-91
-18
-12
8
-64
22
3
-86
-70
1
-70
-39
43
-6
30
25
-80
-55
-91
-44
37
79
-55
61
-1
98
94
-22
-32
-54
-50
-24
90
-75
-23
-38
-72
48
56
-76
-35
49
0
-32
76
89
-76
87
-87
72
-25
85
19
-13
4
-70
-64
26
-91
-63
27
-75
45
83
-49
53
-30
17
-83
-33
-4
-28
-11
85
91
88
-21
76
85
9
73
-93
-36
-5
71
-36
57
2
21
-54
-75
1
39
18
-4
-60
-97
16
-83
-78
19
7
69
45
-24
-97
-4
34
-4
16
51
-40
41
-1
-37
20
60
-50
-88
87
96
67
96
70
-58
94
32
70
-12
50
84
62
58
62
90
-34
-63
18
-81
67
67
-77
-94
-96
-6
65
60
-60
-45
75
-21
53
3
-70
-75
51
11
98
3
-18
-29
25
-55
45
31
88
1
79
9
97
-18
-58
-69
-55
-81
73
61
91
-24
-24
-66
-8
15
12
-29
-69
-41
27
36
-62
55
-62
-85
36
-4
-58
77
-40
-28
5
-37
80
30
-43
-7
-63
22
-42
-89
-48
90
19
22
-74
-53
79
-91
32
-27
0
29
73
-58
-30
-58
-57
-74
-6
48
77
95
0
18
70
-88
-47
61
-43
-81
-66
9
-99
16
-16
-52
-65
16
88
-12
17
-68
-55
86
72
76
-11
38
-40
-85
-51
-90
-73
9
-66
-43
-11
-100
52
-87
94
-83
52
12
-61
91
28
-43
57
-79
-94
27
-62
-95
-69
44
49
13
46
93
23
14
0
-59
70
-77
-19
-9
-18
-74
59
-66
64
74
-6
-1
-21
32
47
80
-52
-68
81
-61
-91
22
72
-78
-23
-11
7
76
-47
58
-10
-20
16
10
42
-84
9
-64
75
30
-39
71
63
-37
11
31
-35
-84
66
66
45
-9
33
-39
-68
-52
-49
-42
-86
92
19
83
81
-95
-17
-86
82
69
90
31
-30
-88
-44
-50
77
-63
58
8
11
45
-76
-10
-91
-13
-87
99
46
-45
-23
-6
64
-50
-79
82
-89
-22
90
57
79
-3
48
-5
-74
-66
-5
32
-66
-17
-16
95
-11
42
47
-32
68
-72
73
-7
92
-16
-33
27
-9
-4
66
-81
90
-26
-62
-2
-54
-100
28
-86
97
28
-36
75
91
-20
65
-37
70
-18
-96
-79
3
53
-87
83
5
-4
65
-5
-71
-79
-96
30
-32
-25
42
59
-56
85
48
-12
-86
33
-29
-60
64
98
2
12
19
-97
56
-92
-9
45
16
-64
-40
-45
93
50
-65
-67
84
75
24
33
6
15
38
-95
-82
85
34
16
-93
69
-18
73
-81
7
94
-47
76
-74
-36
95
-62
23
59
5
-1
89
92
97
-48
80
48
-5
15
-70
-9
86
73
13
84
71
-26
75
37
46
54
-14
-64
-14
56
82
-43
58
11
29
-5
83
56
-68
5
-71
92
36
-37
-74
-79
87
-42
88
-85
-93
-21
-38
-59
-8
20
-37
85
-87
51
-87
52
6
-59
-30
23
90
83
86
34
7
-70
41
-92
55
79
37
12
11
25
66
-72
-53
-30
48
3
94
17
-82
-92
-68
98
42
-19
-8
-24
-14
-6
92
2
-70
-97
-29
-47
7
77
37
-46
-15
13
82
51
-26
-12
84
85
5
-65
-7
67
28
-27
65
78
2
9
-13
-41
15
-22
-7
-57
19
-92
-6
63
56
93
62
70
65
40
-69
5
-75
-20
23
-46
-3
7
71
-50
-99
-75
73
57
-62
-7
50
97
-11
-22
38
-93
-80
39
-69
-35
93
-79
-72
11
-28
22
-98
88
-59
-41
53
-79
85
-67
62
-92
7
-58
-58
-7
-66
37
24
-38
-58
65
-19
-13
-98
-76
-15
-15
-51
-42
-39
-24
-22
-41
77
-22
-77
85
15
78
40
29
-88
-44
15
29
-1
77
-3
37
-70
-44
-4
65
-31
7
-59
15
85
-83
74
-33
72
27
71
-14
30
-52
-35
63
-30
-51
-79
46
22
13
52
-76
71
-27
24
7
88
11
-73
-96
79
12
90
-31
-63
8
99
-2
-96
-28
56
-16
-16
-72
99
-49
11
33
-33
81
-66
50
-57
55
54
-84
43
12
-8
-34
-21
-39
0
66
6
-82
-42
95
26
62
-51
23
41
-51
57
-32
40
43
-26
-27
96
-46
-56
-54
70
-71
-31
-66
14
-80
64
-14
-95
37
93
-5
84
17
21
80
92
15
-94
4
31
10
-92
93
98
-14
-24
-100
-62
-82
-30
-76
-84
-46
96
-23
48
-77
-19
6
97
62
18
-97
-44
-39
-17
-78
-79
-7
-20
-20
-53
39
14
-41
-79
-25
-64
-72
43
64
-52
86
-33
69
-22
30
21
-56
-68
69
-66
0
7
68
92
-96
37
36
-98
-46
78
45
37
90
76
-23
39
37
-45
-28
87
-48
62
-68
14
31
35
-13
83
53
1
76
-40
11
-55
47
-68
45
-34
-84
38
-1
-75
-11
86
2
-52
-23
92
-99
91
84
88
59
82
82
38
-26
-47
-39
-31
-50
53
-51
53
-99
-16
-74
44
-71
-55
93
-30
-61
34
-13
-73
-28
-54
-88
-18
-42
-6
81
62
17
88
1
29
-37
-91
57
-8
-95
47
-12
46
76
36
84
-83
-78
32
63
56
97
13
49
-75
-5
54
-35
-73
-59
78
-90
55
71
-13
-64
-87
83
-3
-19
-81
-13
1
-36
-9
-55
41
-49
36
-38
95
-40
25
31
-75
64
-97
-62
-24
-66
8
44
30
-50
-74
36
33
74
-12
0
70
-67
25
-49
43
-32
-4
-52
-43
79
53
3
28
65
-54
18
-15
-77
46
22
-68
75
7
-37
72
-25
57
-50
-62
55
12
66
62
-64
-9
61
34
-26
88
56
-32
54
80
-4
-20
-95
-85
65
-96
8
-49
9
-72
66
-33
95
26
-39
-22
-33
11
-55
-90
2
-33
86
40
-8
-27
-15
83
-89
-65
89
-47
-22
94
-90
83
67
-40
92
-55
30
3
-97
38
96
69
-5
-66
-28
95
21
-55
-77
44
-22
-71
-7
-36
22
-9
19
24
-60
-27
-62
12
89
-99
16
-22
10
-94
19
99
-20
98
-36
-52
44
23
77
-50
11
-85
14
44
-70
33
15
80
-11
3
37
0
25
-95
-37
29
0
-17
79
-6
17
93
-16
14
26
-77
-37
-21
65
-55
19
99
14
-32
-87
-76
59
-6
-19
-45
-14
35
89
-93
-31
-82
-27
-26
35
34
47
-40
43
-17
33
17
31
99
-82
-93
-30
-65
-85
-56
84
38
86
-43
92
-62
70
-94
-98
24
-93
81
-96
-23
-55
7
49
89
44
-70
-3
-42
-44
-70
35
-5
-7
59
-25
-26
85
-50
20
44
-78
30
-68
-84
-18
-4
64
41
-42
-82
-25
51
12
-47
54
10
-42
-19
-10
84
47
25
-19
55
21
-4
45
-90
30
27
39
57
-39
-41
-46
14
-25
32
6
-52
-34
55
-100
-63
54
84
83
-61
-95
65
-84
4
60
36
97
-3
-52
-24
-5
85
50
53
-89
30
-21
18
-10
-48
98
-61
-65
25
74
-58
17
91
25
-56
-100
37
13
5
-95
65
11
-65
96
25
-38
57
-35
98
-64
21
-2
12
44
-31
58
-64
-6
30
-60
65
29
-10
29
18
-82
-94
71
-96
-25
58
-28
-56
48
-54
-82
-57
21
64
90
-59
74
-63
-12
-48
43
-95
-54
-45
-14
64
-58
82
-35
-60
-65
-80
5
-22
6
-44
85
-39
22
-22
-51
-47
64
-2
-50
14
14
29
40
99
91
-8
-98
-24
74
-88
59
15
18
10
15
-11
79
8
-90
97
37
-58
-43
34
-45
12
14
-90
-97
-10
-59
47
-95
71
-50
13
-58
-35
-51
43
-82
-72
4
-7
-4
-30
43
-88
63
60
-27
-44
-12
-48
76
-29
-29
-94
44
-22
78
91
-27
-17
71
-88
10
46
-40
-99
-54
14
-42
-33
79
9
38
63
-63
85
69
1
-54
-57
-84
84
-41
52
94
78
-58
-64
20
70
64
-73
55
-79
22
-16
59
96
51
61
13
59
97
-80
-27
-33
33
7
68
59
8
-24
44
-71
-33
87
52
58
52
-19
59
-91
93
-12
2
51
53
17
-59
53
-75
73
50
-15
29
-44
87
-62
-22
26
-55
34
-32
61
-38
-12
-18
25
53
34
31
-100
-56
-31
-99
4
66
9
18
21
14
-84
-35
-86
33
35
25
-41
0
-90
99
13
-21
-75
-64
-76
41
-69
-74
-87
-31
-72
63
7
-78
-75
29
-20
-17
-75
-11
-23
20
57
-88
-72
-31
-47
-72
26
62
-78
-75
43
34
-83
21
-82
-67
77
62
35
-17
4
-49
-14
-47
58
92
8
-94
-55
75
-25
21
21
93
22
-88
-93
55
-12
-98
-1
-49
-53
-98
-81
72
-96
3
10
-54
6
-38
54
94
-84
5
26
75
11
-40
20
19
17
-53
50
-78
-87
-76
98
-94
-75
-78
-26
32
83
-48
-96
-17
-67
86
88
-96
-4
98
-32
-88
67
27
76
-83
-14
-68
-56
-73
-18
79
34
99
-48
97
59
79
5
4
-79
-16
87
-79
-90
63
0
-57
42
24
-28
16
-77
18
78
37
-45
-15
-53
81
19
93
77
-53
-50
-96
18
-95
-70
-65
-73
-92
-1
92
77
84
-76
45
16
-87
16
-58
-10
19
55
66
55
-85
-80
15
42
-27
32
23
84
-72
6
40
70
-94
-56
-5
-88
6
-3
-37
-83
-69
40
94
13
9
69
-66
-36
-23
2
-42
-8
-16
-52
2
84
15
-8
53
-24
75
-92
49
-23
-17
75
9
68
-79
-71
83
-79
-9
48
24
-26
-74
-99
-67
3
-3
-41
6
25
-53
-52
-15
58
42
11
-3
-87
43
87
-58
-78
91
16
-71
33
-41
-34
-58
-53
19
-64
-99
35
23
-73
57
13
-41
-51
78
15
1
-76
-71
-65
-11
51
-74
10
32
69
-22
3
6
1
-17
9
72
-1
-56
-69
-84
-41
-95
-89
-53
49
-66
14
53
84
54
-7
-92
26
21
67
-14
94
-57
7
-61
32
15
49
58
-3
-72
-78
44
-53
41
59
-95
47
-2
-59
-82
-82
87
39
17
11
56
47
-86
84
-6
80
80
16
-78
77
-44
36
91
-17
44
-44
-48
49
20
-88
69
5
-58
95
-12
-39
-73
-21
48
-32
-94
3
90
28
76
67
34
73
-98
-52
-58
-72
-76
63
3
-32
56
-85
-3
62
66
-63
-82
4
42
-50
5
-82
-4
-67
52
0
67
54
70
52
46
-37
6
77
21
-22
46
-28
70
41
-19
-22
-8
-81
5
-88
82
86
2
68
-15
-15
85
26
-39
15
-23
69
-5
41
-39
-30
93
51
22
-8
8
19
-59
-13
-9
46
34
-100
69
-74
26
-24
27
40
17
81
-48
-99
-33
-40
-23
80
15
-95
-99
77
76
-72
-20
-90
-15
41
-3
-88
3
-37
44
-86
-23
38
50
85
57
-65
89
-99
-59
55
-76
-21
-83
91
-16
-39
-85
27
-97
-64
-14
13
70
6
20
58
41
84
78
15
-64
-46
-64
-63
24
28
9
-9
-77
-20
-85
-100
35
-79
-97
-100
93
-6
-43
-64
96
76
-41
8
28
63
68
-56
-35
98
-6
-96
-78
26
18
70
-57
79
-33
55
51
23
4
23
-80
-14
78
48
2
19
64
-54
27
42
18
-40
94
28
9
60
60
-35
-74
-76
86
-90
77
-92
3
-67
57
-87
-73
2
-16
-27
-28
36
-13
-58
85
-81
41
45
-67
-53
-23
-21
-92
-43
75
15
-30
6
95
-14
-3
-21
36
-90
8
70
-55
-31
62
51
-81
-75
-43
-55
88
-42
-59
-33
75
40
23
-20
91
38
33
-2
-100
-55
-43
-58
43
20
7
98
76
93
99
-23
33
-86
73
-28
83
-18
-73
-48
-79
62
-31
17
-26
-98
31
-46
63
-84
-13
97
-24
-90
69
-100
-88
20
-93
-1
18
-41
-31
95
-42
63
33
60
67
-50
-3
8
11
-19
-24
-63
76
39
67
41
88
-47
-65
59
5
-99
-100
23
-55
73
-40
-38
-25
28
33
62
-7
-27
-42
10
-31
71
-14
12
18
79
-14
95
33
32
-76
-28
52
-34
10
-35
-76
9
-10
-43
63
-91
14
94
90
-65
-67
82
47
14
43
2
-19
-43
-29
-83
66
22
-59
25
14
-96
90
13
48
88
10
-91
-83
-32
37
84
83
-99
46
-41
-44
-8
22
-17
46
4
-52
-81
88
21
90
-6
94
-7
-2
1
-33
64
42
58
-81
-99
-55
-99
24
-76
64
-22
76
59
18
-20
11
-88
60
-27
-100
58
79
-90
56
71
24
-73
97
-85
-86
24
69
-64
17
-81
-42
87
-60
-46
-53
20
58
22
39
69
-58
-71
-97
10
83
81
32
-75
0
8
84
32
-98
-52
-23
-82
-97
9
-91
-60
8
40
-59
-1
-78
23
72
6
-74
-20
-100
-43
-30
86
28
-5
-76
-13
-69
-67
91
44
35
-92
-66
25
85
92
77
-71
16
-52
12
-1
-40
2
87
3
-13
-40
-91
-74
98
-81
8
26
-39
-85
19
81
93
16
-23
76
-52
64
-96
-67
-36
-4
37
80
28
97
64
51
44
71
26
-74
7
20
99
71
-77
65
46
16
0
8
-36
69
-28
95
-65
-100
70
36
-49
-4
-2
53
-62
91
22
-71
-3
-99
-45
56
81
-11
-11
-7
-26
-27
16
6
52
-17
-83
-13
33
56
-69
67
7
33
61
64
80
-92
20
-71
27
53
-19
-93
-51
94
-33
44
-40
43
26
74
-20
79
21
62
-17
-36
84
67
-22
-90
-80
-18
60
54
21
64
-60
-9
75
73
69
-41
65
20
91
8
-44
58
-85
-27
-73
89
-70
-44
-13
28
-89
99
-20
15
-77
52
50
17
33
99
-53
-6
-28
2
4
69
68
52
-95
-80
-86
-99
70
75
-92
-75
52
-95
83
-69
-48
3
-33
93
52
-60
-90
-41
50
-84
9
-53
86
92
-40
61
-14
12
68
-43
-79
-23
-50
-34
13
-90
-72
5
7
97
-100
44
34
2
47
43
-73
-22
50
-37
59
8
-98
89
11
66
-86
78
14
-54
39
-61
-64
25
-91
74
-48
-100
-20
42
-89
4
51
52
-84
64
13
-16
-56
17
34
-93
62
4
-2
13
-25
-39
54
47
95
-50
91
-39
-43
60
8
-92
-8
72
-9
-74
98
-92
-48
-46
56
-50
72
47
-47
30
33
97
11
31
-23
31
-73
-4
-1
91
-54
32
46
61
13
-10
-6
-45
-44
4
91
-28
-75
7
-91
54
-48
-57
56
-75
-11
-93
-6
-35
16
94
49
26
-17
76
80
96
-27
0
80
-35
-39
-10
41
-34
55
17
-9
48
38
-39
71
-96
22
22
-22
84
40
-26
1
-62
-62
-20
-56
18
40
68
71
-21
24
95
98
25
26
44
-8
62
1
-11
-31
71
16
46
26
-45
-77
44
-96
61
-3
96
-44
99
98
41
-74
81
-54
-77
25
87
45
-89
-76
43
-38
-55
-22
77
-70
16
-18
-50
-96
29
22
-8
54
88
-6
95
63
-90
82
27
38
98
27
84
17
11
16
-22
63
-18
-74
4
21
82
92
78
-34
-74
30
81
14
-94
94
-32
-81
34
-74
-43
28
30
-77
34
-72
-4
-95
-36
17
-7
-40
18
-100
-97
-14
22
3
-83
70
71
96
16
28
37
-21
-99
-87
32
-97
-41
65
83
-16
-42
50
-67
-42
-8
-25
-75
77
28
-40
73
66
-88
80
10
19
-28
65
-99
63
-46
-40
-89
-99
-14
-46
-73
-17
-28
-40
-42
27
-24
-67
41
-47
-48
-36
-90
42
45
94
-32
-44
55
70
-33
-80
2
-88
31
-6
64
-81
-71
97
38
-69
72
-62
-52
41
5
-32
-98
-55
-11
78
-62
-43
-33
-92
54
-42
-82
-40
92
55
-54
15
86
-94
81
-41
28
63
63
-43
-96
43
14
-79
-9
71
-7
-96
-12
99
-47
9
-19
-12
81
-55
45
23
39
5
-99
68
-95
83
84
-44
-49
-59
59
-55
39
-62
-18
-68
74
-5
42
-54
16
82
65
-87
71
93
1
37
-66
-3
-76
36
14
-95
-76
-43
-44
-65
38
30
-64
-66
20
-48
-56
-57
-41
-85
-74
-52
14
-14
2
-1
-94
56
40
87
97
-89
-18
-53
-78
53
-84
-77
31
34
-86
-75
76
39
56
-88
-91
-18
-38
12
69
28
33
-15
10
85
83
37
-67
-86
99
-33
16
-31
-62
26
-53
88
-88
66
-64
-80
11
25
-100
-99
-28
74
30
-10
-11
24
-6
-72
-83
-32
-22
96
37
-64
70
-22
90
17
35
