53
45
7
21
47
-4
41
52
53
18
32
12
2
45
-5
16
19
24
54
32
49
27
52
-5
9
43
44
9
21
47
-1
48
24
49
19
14
34
28
45
47
16
40
-2
26
49
12
25
39
19
35
11
7
49
5
21
20
48
7
6
-1
7
26
25
1
14
38
43
7
21
35
37
45
34
1
11
4
23
20
0
51
13
-1
45
41
30
47
54
13
22
53
21
22
16
41
35
44
10
52
7
6
23
12
13
38
52
20
28
42
49
12
51
22
1
10
41
2
36
39
25
21
38
25
39
22
8
10
24
47
21
21
49
25
7
49
22
-5
41
1
43
5
13
7
19
5
-4
54
15
1
54
28
3
26
22
40
22
53
27
45
25
37
51
35
15
22
18
21
9
7
42
40
15
29
50
15
3
26
1
29
21
9
49
17
48
47
13
18
-2
22
21
24
23
50
31
1
8
33
46
51
42
30
39
3
14
9
7
29
30
1
32
51
47
53
19
10
42
29
42
23
4
-5
17
42
41
13
12
19
53
43
2
24
34
4
41
45
25
41
-3
34
34
39
42
52
44
24
31
24
26
15
14
34
45
18
42
42
8
51
17
-4
51
42
30
42
54
2
11
38
6
29
40
-4
26
3
43
19
7
20
53
11
36
42
48
32
24
22
33
10
17
53
32
28
19
-5
37
46
3
54
52
36
7
48
12
51
29
13
2
37
30
17
29
42
53
0
14
4
49
53
13
26
24
-5
15
8
51
6
31
25
21
51
11
8
22
11
-2
43
24
51
-3
5
15
51
35
-5
19
44
30
13
36
28
52
5
36
21
7
6
27
-1
-5
17
36
31
11
33
0
16
15
36
-3
25
34
52
50
2
5
27
15
15
43
1
31
13
44
47
53
1
26
-4
-1
46
11
20
51
34
24
39
34
-4
49
-2
24
49
10
5
49
-5
9
29
10
34
46
6
11
48
41
17
42
18
35
54
44
13
31
5
9
9
-5
10
32
21
48
13
20
40
32
37
-3
33
53
52
46
52
41
20
-5
-1
3
-2
48
1
52
10
16
50
8
5
12
0
51
35
-5
54
51
43
41
28
40
25
10
-1
15
3
20
37
2
47
27
6
5
4
0
52
17
25
24
32
51
25
26
21
20
52
37
13
52
47
-5
52
33
22
13
32
42
44
41
43
45
34
42
16
33
0
50
41
29
-2
32
20
13
3
31
10
54
44
34
17
20
2
40
10
46
29
27
38
45
22
4
28
39
35
41
12
37
5
43
14
-4
50
38
49
10
30
34
25
45
-2
33
53
5
18
18
38
48
27
25
-2
